{
  "advancedEditorSelectedIdentifier" : "ProjectBrowser",
  "openSceneRelativePaths" : [
    "Immersive.usda",
    "Scene.usda"
  ],
  "recentIdentifiers" : {
    "AF09ED6F-1707-48FD-8720-65B998362C09" : [

    ],
    "D66134B1-3681-4A8E-AFE5-29F257229F3B" : [

    ]
  },
  "sceneCameraHistory" : {
    "AF09ED6F-1707-48FD-8720-65B998362C09" : [
      {
        "date" : 778362383.090564,
        "title" : "Untitled",
        "transform" : [
          0.801787,
          -5.4680322e-09,
          0.5976099,
          0,
          0.039606787,
          0.9978014,
          -0.05313869,
          0,
          -0.59629595,
          0.066275306,
          0.80002415,
          0,
          -3.4881651,
          0.29336172,
          4.9013257,
          1
        ]
      },
      {
        "date" : 778362335.562284,
        "title" : "Untitled",
        "transform" : [
          0.801787,
          -5.4680322e-09,
          0.5976099,
          0,
          0.039606787,
          0.9978014,
          -0.05313869,
          0,
          -0.59629595,
          0.066275306,
          0.80002415,
          0,
          -3.4881651,
          0.29336172,
          4.9013257,
          1
        ]
      },
      {
        "date" : 778362333.741907,
        "title" : "Untitled",
        "transform" : [
          0.801787,
          -5.4680322e-09,
          0.5976099,
          0,
          0.039606787,
          0.9978014,
          -0.05313869,
          0,
          -0.59629595,
          0.066275306,
          0.80002415,
          0,
          -4.0050435,
          0.33683226,
          5.6276073,
          1
        ]
      },
      {
        "date" : 778359307.546546,
        "title" : "Untitled",
        "transform" : [
          0.8017871,
          -6.3254717e-09,
          0.5976099,
          0,
          0.039606772,
          0.99780136,
          -0.053138684,
          0,
          -0.596296,
          0.066275306,
          0.8000242,
          0,
          -0.5704237,
          0.049505,
          0.62578297,
          1
        ]
      },
      {
        "date" : 778359298.259412,
        "title" : "Untitled",
        "transform" : [
          0.8017871,
          -6.3254717e-09,
          0.5976099,
          0,
          0.039606772,
          0.99780136,
          -0.053138684,
          0,
          -0.596296,
          0.066275306,
          0.8000242,
          0,
          -0.35776404,
          0.03104904,
          0.39248487,
          1
        ]
      },
      {
        "date" : 778358979.646882,
        "title" : "Untitled",
        "transform" : [
          0.8017871,
          -6.3254717e-09,
          0.5976099,
          0,
          0.039606772,
          0.99780136,
          -0.053138684,
          0,
          -0.596296,
          0.066275306,
          0.8000242,
          0,
          -0.35776404,
          0.03104904,
          0.39248487,
          1
        ]
      },
      {
        "date" : 778358974.297139,
        "title" : "Untitled",
        "transform" : [
          0.8017871,
          -6.3254717e-09,
          0.5976099,
          0,
          0.039606772,
          0.99780136,
          -0.053138684,
          0,
          -0.596296,
          0.066275306,
          0.8000242,
          0,
          -0.43570662,
          0.03781339,
          0.47799155,
          1
        ]
      },
      {
        "date" : 778358955.57064,
        "title" : "Untitled",
        "transform" : [
          0.8017871,
          -6.3254717e-09,
          0.5976099,
          0,
          0.039606772,
          0.99780136,
          -0.053138684,
          0,
          -0.596296,
          0.066275306,
          0.8000242,
          0,
          -9.645166,
          0.68292177,
          1.3047,
          1
        ]
      },
      {
        "date" : 778358952.149967,
        "title" : "Untitled",
        "transform" : [
          0.8017871,
          -6.3254717e-09,
          0.5976099,
          0,
          0.039606772,
          0.99780136,
          -0.053138684,
          0,
          -0.596296,
          0.066275306,
          0.8000242,
          0,
          -9.77826,
          0.69771445,
          1.4832664,
          1
        ]
      },
      {
        "date" : 778358942.13149,
        "title" : "Untitled",
        "transform" : [
          0.9999981,
          -1.372495e-09,
          0.0019331924,
          0,
          -0.001932015,
          0.034899592,
          0.999389,
          0,
          -6.746994e-05,
          -0.99939084,
          0.03489953,
          0,
          -3.501197,
          -34.159313,
          -5.748912,
          1
        ]
      }
    ],
    "D66134B1-3681-4A8E-AFE5-29F257229F3B" : [
      {
        "date" : 778374545.096189,
        "title" : "Untitled",
        "transform" : [
          0.99985147,
          -2.4810087e-10,
          0.017233515,
          0,
          0.004878674,
          0.95909274,
          -0.28305018,
          0,
          -0.016528537,
          0.28309217,
          0.9589502,
          0,
          -0.078082204,
          0.49422145,
          4.2196774,
          1
        ]
      },
      {
        "date" : 778374542.241498,
        "title" : "Untitled",
        "transform" : [
          0.99985147,
          2.1096991e-10,
          0.017233517,
          0,
          0.004878674,
          0.95909274,
          -0.28305018,
          0,
          -0.01652854,
          0.2830922,
          0.9589502,
          0,
          -1.7674092,
          3.2966177,
          10.294511,
          1
        ]
      },
      {
        "date" : 778374530.058458,
        "title" : "Untitled",
        "transform" : [
          0.99985147,
          2.1096991e-10,
          0.017233517,
          0,
          0.004878674,
          0.95909274,
          -0.28305018,
          0,
          -0.01652854,
          0.2830922,
          0.9589502,
          0,
          -1.7674092,
          3.2966177,
          10.294511,
          1
        ]
      },
      {
        "date" : 778374525.270094,
        "title" : "Untitled",
        "transform" : [
          0.99985147,
          2.1096991e-10,
          0.017233517,
          0,
          0.004878674,
          0.95909274,
          -0.28305018,
          0,
          -0.01652854,
          0.2830922,
          0.9589502,
          0,
          -1.723269,
          3.1287785,
          10.344817,
          1
        ]
      },
      {
        "date" : 778374518.01779,
        "title" : "Untitled",
        "transform" : [
          0.99967986,
          1.257609e-09,
          -0.025299225,
          0,
          -0.017553864,
          0.72011966,
          -0.6936277,
          0,
          0.018218469,
          0.6938498,
          0.7198892,
          0,
          -0.6944538,
          1.260855,
          4.1688204,
          1
        ]
      },
      {
        "date" : 778374515.133804,
        "title" : "Untitled",
        "transform" : [
          0.99967986,
          1.257609e-09,
          -0.025299225,
          0,
          -0.017553864,
          0.72011966,
          -0.6936277,
          0,
          0.018218469,
          0.6938498,
          0.7198892,
          0,
          -0.63528186,
          2.1141965,
          3.3448513,
          1
        ]
      },
      {
        "date" : 778374498.65007,
        "title" : "Untitled",
        "transform" : [
          0.99967986,
          1.257609e-09,
          -0.025299225,
          0,
          -0.017553864,
          0.72011966,
          -0.6936277,
          0,
          0.018218469,
          0.6938498,
          0.7198892,
          0,
          -1.9823952,
          6.597345,
          10.437601,
          1
        ]
      },
      {
        "date" : 778374494.33526,
        "title" : "Untitled",
        "transform" : [
          0.99967986,
          1.257609e-09,
          -0.025299225,
          0,
          -0.017553864,
          0.72011966,
          -0.6936277,
          0,
          0.018218469,
          0.6938498,
          0.7198892,
          0,
          0.040384836,
          3.7164357,
          1.692005,
          1
        ]
      },
      {
        "date" : 778374488.177981,
        "title" : "Untitled",
        "transform" : [
          0.99967986,
          1.257609e-09,
          -0.025299225,
          0,
          -0.017553864,
          0.72011966,
          -0.6936277,
          0,
          0.018218469,
          0.6938498,
          0.7198892,
          0,
          0.03212697,
          2.9565017,
          1.3460251,
          1
        ]
      },
      {
        "date" : 778374483.923562,
        "title" : "Untitled",
        "transform" : [
          0.99967986,
          1.679815e-09,
          -0.025299223,
          0,
          -0.017553862,
          0.7201197,
          -0.6936277,
          0,
          0.018218469,
          0.6938498,
          0.7198892,
          0,
          -0.0015163363,
          2.8662546,
          1.2404579,
          1
        ]
      }
    ]
  },
  "sceneViewportBackgroundColors" : {

  },
  "selectedSceneRelativePath" : "Scene.usda"
}